1001000000000010000000000100000000000000000000000000000000000000
1001000000000101000000000101000000000000000000000000000000000000
0000011010001101100000000000110000110000000100000000000000000000
0100101110001100100000000000110000110000010100000000000000000000
0110110110000100100000000000110000000000001100000000000000000000
0011100000000101000010000101000000000000000000000000000000000000
0001100000000000000101000100000000000000000000000000000000000000
0000000000011000000011000000000000000000000000000000000000000000
0000000000011000000000000000000000000000000000000000000000000000
0000000000000000000000000000000000000000000000000010000000000000
0000000000000000000000000000000000000000000000000001000000000000
0000000000000000000000000000000000000000000000000111000000000000
0000000000000000000000000000000000000000000000000000000000000000
0000000000000000000000000000100000000000000000000000000000000000
0000000000000000000000000010100000000000000000000000000000000000
0000000000000000000000000001100000000000000000000000000000000000
0000000000000000000000000000000000000000000000000000000000000000
0000000000000000000000000000000000000000000000000000000000100000
0000000000000000000000000000000000000000000000000000000010100000
0000000000000000000000000000000000000000000000000000000001100000
0000000000000000000000000000000000010000000000000000000000000000
0000001000000000000000000000000000001000000000000000000000000000
0000011100000000000000000000000000111000000000000000000000000000
0000100110000000000000000000000000000000000000000000000000000000
0100110000000000000000000000000000000000000000000000000000000000
0011000000000000000000000000000000000000000000000000000000000000
